,id,left-weight,left-distance,right-weight,right-distance,binaryClass
0,0.4472135954999579,0.4472135954999579,0.4472135954999579,0.4472135954999579,0.4472135954999579,N
1,0.6030226891555273,0.30151134457776363,0.30151134457776363,0.30151134457776363,0.6030226891555273,N
2,0.6546536707079772,0.2182178902359924,0.2182178902359924,0.2182178902359924,0.6546536707079772,N
3,0.6761234037828132,0.1690308509457033,0.1690308509457033,0.1690308509457033,0.6761234037828132,N
4,0.6868028197434451,0.13736056394868904,0.13736056394868904,0.13736056394868904,0.6868028197434451,N
5,0.914991421995628,0.15249857033260467,0.15249857033260467,0.30499714066520933,0.15249857033260467,N
6,0.9113223768657671,0.13018891098082389,0.13018891098082389,0.26037782196164777,0.26037782196164777,N
7,0.9000703207408192,0.1125087900926024,0.1125087900926024,0.2250175801852048,0.3375263702778072,N
8,0.8867963503478639,0.09853292781642932,0.09853292781642932,0.19706585563285864,0.3941317112657173,N
9,0.8737040566610379,0.0873704056661038,0.0873704056661038,0.1747408113322076,0.43685202833051895,N
10,0.9538209664765319,0.086710996952412,0.086710996952412,0.26013299085723596,0.086710996952412,N
11,0.951661902861773,0.07930515857181442,0.07930515857181442,0.23791547571544325,0.15861031714362883,N
12,0.9456108576893003,0.07273929674533079,0.07273929674533079,0.21821789023599236,0.21821789023599236,N
13,0.9375093422553951,0.06696495301824251,0.06696495301824251,0.2008948590547275,0.26785981207297005,N
14,0.9284766908852594,0.061898446059017294,0.061898446059017294,0.1856953381770519,0.3094922302950865,N
15,0.9648363026488435,0.060302268915552716,0.060302268915552716,0.24120907566221086,0.060302268915552716,N
16,0.9639815611103626,0.05670479771237427,0.05670479771237427,0.2268191908494971,0.11340959542474854,N
17,0.9607689228305228,0.05337605126836238,0.05337605126836238,0.21350420507344953,0.16012815380508716,N
18,0.9559937503105924,0.05031546054266276,0.05031546054266276,0.20126184217065105,0.20126184217065105,N
19,0.9502286762911598,0.04751143381455799,0.04751143381455799,0.19004573525823196,0.23755716907278995,N
20,0.9696899027331813,0.04617570965396102,0.04617570965396102,0.23087854826980508,0.04617570965396102,N
21,0.9694358283263099,0.044065264923923174,0.044065264923923174,0.22032632461961588,0.08813052984784635,N
22,0.9676172723968438,0.04207031619116713,0.04207031619116713,0.21035158095583562,0.12621094857350137,N
23,0.9646414452697689,0.04019339355290704,0.04019339355290704,0.2009669677645352,0.16077357421162816,N
24,0.9608280525301098,0.03843312210120439,0.03843312210120439,0.19216561050602196,0.19216561050602196,N
25,0.9948623513313953,0.03826393658966905,0.0765278731793381,0.03826393658966905,0.03826393658966905,P
26,0.993211055249908,0.036785594638885484,0.07357118927777097,0.036785594638885484,0.07357118927777097,N
27,0.990568792748115,0.03537745688386125,0.0707549137677225,0.03537745688386125,0.10613237065158375,N
28,0.9871714804762064,0.03404039587848988,0.06808079175697976,0.03404039587848988,0.13616158351395952,N
29,0.9832102880166933,0.032773676267223106,0.06554735253444621,0.032773676267223106,0.16386838133611553,N
30,0.994837342898804,0.032091527190284,0.064183054380568,0.064183054380568,0.032091527190284,N
31,0.993712150471259,0.031053504702226845,0.06210700940445369,0.06210700940445369,0.06210700940445369,N
32,0.9918365981341756,0.03005565448891441,0.06011130897782882,0.06011130897782882,0.09016696346674323,N
33,0.9893591353648533,0.029098798098966275,0.05819759619793255,0.05819759619793255,0.1163951923958651,N
34,0.9864048053571978,0.028182994438777077,0.05636598887755415,0.05636598887755415,0.14091497219388538,N
35,0.9942627179989935,0.027618408833305373,0.055236817666610746,0.08285522649991613,0.027618408833305373,N
36,0.9934899850509512,0.026851080677052736,0.05370216135410547,0.08055324203115821,0.05370216135410547,N
37,0.9921299033180793,0.026108681666265243,0.052217363332530485,0.07832604499879572,0.07832604499879572,N
38,0.9902815964320999,0.02539183580595128,0.05078367161190256,0.07617550741785384,0.10156734322380512,N
39,0.9880308715068779,0.024700771787671945,0.04940154357534389,0.07410231536301584,0.12350385893835973,N
40,0.9935198139289457,0.02423219058363282,0.04846438116726564,0.09692876233453128,0.02423219058363282,N
41,0.9929882741949437,0.02364257795702247,0.04728515591404494,0.09457031182808988,0.04728515591404494,N
42,0.9919849094974024,0.02306941649993959,0.04613883299987918,0.09227766599975835,0.06920824949981877,N
43,0.990579038863217,0.02251315997416402,0.04502631994832804,0.09005263989665609,0.09005263989665609,N
44,0.9888318906503601,0.021974042014452445,0.04394808402890489,0.08789616805780978,0.10987021007226223,N
45,0.9927543745828454,0.02158161683875751,0.04316323367751502,0.10790808419378756,0.02158161683875751,N
46,0.9923919234990406,0.02111472177657533,0.04222944355315066,0.10557360888287666,0.04222944355315066,N
47,0.9916424121100905,0.020659216918960218,0.041318433837920436,0.1032960845948011,0.06197765075688066,N
48,0.9905561423711486,0.02021543147696222,0.04043086295392444,0.10107715738481109,0.08086172590784887,N
49,0.9891782353111633,0.019783564706223267,0.039567129412446535,0.09891782353111633,0.09891782353111633,N
50,0.9977011463845923,0.019562767576168476,0.05868830272850543,0.019562767576168476,0.019562767576168476,P
51,0.9972378181289473,0.019177650348633602,0.0575329510459008,0.019177650348633602,0.038355300697267204,P
52,0.9964589123924025,0.018801111554573632,0.0564033346637209,0.018801111554573632,0.0564033346637209,N
53,0.9954022744967957,0.018433375453644367,0.0553001263609331,0.018433375453644367,0.07373350181457747,N
54,0.9941021766079947,0.018074585029236267,0.054223755087708804,0.018074585029236267,0.09037292514618134,N
55,0.9976169638063174,0.017814588639398523,0.05344376591819557,0.035629177278797046,0.017814588639398523,P
56,0.9972413740548081,0.01749546270271593,0.0524863881081478,0.03499092540543186,0.03499092540543186,N
57,0.9965988810902684,0.01718273932914256,0.051548217987427675,0.03436547865828512,0.051548217987427675,N
58,0.9957185474844857,0.016876585550584505,0.05062975665175351,0.03375317110116901,0.06750634220233802,N
59,0.9946269501636058,0.016577115836060096,0.04973134750818029,0.03315423167212019,0.08288557918030048,N
60,0.997323335670414,0.016349562879842853,0.049048688639528555,0.049048688639528555,0.016349562879842853,N
61,0.9970216832527421,0.01608099489117326,0.048242984673519784,0.048242984673519784,0.03216198978234652,N
62,0.9964912172515845,0.01581732090875531,0.04745196272626593,0.04745196272626593,0.04745196272626593,N
63,0.995754726419918,0.015558667600311219,0.046676002800933654,0.046676002800933654,0.062234670401244876,N
64,0.9948332204776541,0.015305126468886985,0.045915379406660954,0.045915379406660954,0.07652563234443492,N
65,0.9969151597447763,0.015104775147648125,0.04531432544294438,0.0604191005905925,0.015104775147648125,N
66,0.9966751542671446,0.014875748571151412,0.044627245713454236,0.05950299428460565,0.029751497142302824,N
67,0.9962367481155129,0.014650540413463423,0.04395162124039027,0.05860216165385369,0.04395162124039027,N
68,0.995618132284746,0.014429248293981827,0.04328774488194548,0.05771699317592731,0.05771699317592731,N
69,0.9948361928965134,0.014211945612807335,0.042635836838422,0.05684778245122934,0.07105972806403667,N
70,0.9964482918573746,0.014034482983906684,0.04210344895172005,0.07017241491953342,0.014034482983906684,N
71,0.9962595178948,0.01383693774853889,0.041510813245616666,0.06918468874269444,0.02767387549707778,N
72,0.9958970360352372,0.013642425151167634,0.0409272754535029,0.06821212575583817,0.0409272754535029,N
73,0.9953755929371673,0.013451021526177937,0.040353064578533805,0.06725510763088968,0.05380408610471175,N
74,0.9947089575801745,0.013262786101068994,0.03978835830320698,0.06631393050534497,0.06631393050534497,N
75,0.9983593098055479,0.013136306707967735,0.05254522683187094,0.013136306707967735,0.013136306707967735,P
76,0.9981498596548618,0.01296298519032288,0.05185194076129152,0.01296298519032288,0.02592597038064576,P
77,0.9977884233893372,0.01279215927422227,0.05116863709688908,0.01279215927422227,0.038376477822666816,P
78,0.9972871568945291,0.012623888061956063,0.05049555224782425,0.012623888061956063,0.05049555224782425,N
79,0.9966574588747085,0.012458218235933856,0.04983287294373542,0.012458218235933856,0.06229109117966928,N
80,0.9983276309087515,0.012325032480354957,0.04930012992141983,0.024650064960709914,0.012325032480354957,P
81,0.9981461553891549,0.012172514090111644,0.04869005636044658,0.02434502818022329,0.02434502818022329,N
82,0.9978297015579223,0.012022044597083401,0.048088178388333604,0.024044089194166802,0.036066133791250204,N
83,0.9973883844593298,0.01187367124356345,0.0474946849742538,0.0237473424871269,0.0474946849742538,N
84,0.9968317297596649,0.011727432114819587,0.04690972845927835,0.023454864229639175,0.058637160574097937,N
85,0.9981796715060072,0.01160674036634892,0.04642696146539568,0.03482022109904676,0.01160674036634892,P
86,0.9980241039774619,0.011471541425028297,0.04588616570011319,0.03441462427508489,0.022943082850056595,N
87,0.9977478173525374,0.011338043379006107,0.04535217351602443,0.03401413013701832,0.03401413013701832,N
88,0.9973593163586603,0.011206284453468093,0.04482513781387237,0.03361885336040428,0.04482513781387237,N
89,0.9968666405323516,0.011076296005915018,0.04430518402366007,0.033228888017745054,0.05538148002957509,N
90,0.997953407834885,0.010966520965218517,0.04386608386087407,0.04386608386087407,0.010966520965218517,N
91,0.9978214123148564,0.01084588491646583,0.04338353966586332,0.04338353966586332,0.02169176983293166,N
92,0.9975807809730465,0.010726675064226306,0.042906700256905225,0.042906700256905225,0.03218002519267892,N
93,0.9972387313104426,0.010608922673515347,0.04243569069406139,0.04243569069406139,0.04243569069406139,N
94,0.9968021090300588,0.010492653779263776,0.041970615117055105,0.041970615117055105,0.05246326889631889,N
95,0.9976752327107049,0.01039245034073651,0.04156980136294604,0.051962251703682544,0.01039245034073651,N
96,0.9975644587123641,0.010284169677447053,0.04113667870978821,0.05142084838723526,0.020568339354894105,N
97,0.9973553844127945,0.01017709575931423,0.04070838303725692,0.05088547879657115,0.030531287277942687,N
98,0.9970541862962073,0.010071254407032397,0.04028501762812959,0.050356272035161985,0.04028501762812959,N
99,0.9966667403092674,0.009966667403092674,0.039866669612370696,0.04983333701546337,0.04983333701546337,N
100,0.9986304043660955,0.009887429746198965,0.04943714873099483,0.009887429746198965,0.009887429746198965,P
101,0.9985135094517942,0.009789348131880335,0.048946740659401675,0.009789348131880335,0.01957869626376067,P
102,0.9983076332362365,0.009692307118798413,0.048461535593992064,0.009692307118798413,0.029076921356395235,P
103,0.9980181115725296,0.009596327995889707,0.047981639979448536,0.009596327995889707,0.03838531198355883,P
104,0.9976500329051454,0.00950142888481091,0.04750714442405454,0.00950142888481091,0.04750714442405454,N
105,0.998623353478359,0.009420975032814707,0.04710487516407354,0.018841950065629415,0.009420975032814707,P
106,0.9985184531495416,0.00933194816027609,0.04665974080138045,0.01866389632055218,0.01866389632055218,P
107,0.9983323700794359,0.009243818241476258,0.04621909120738129,0.018487636482952517,0.027731454724428773,N
108,0.9980697392938056,0.009156603112787208,0.04578301556393604,0.018313206225574415,0.03662641245114883,N
109,0.997734991429173,0.009070318103901572,0.045351590519507864,0.018140636207803144,0.045351590519507864,N
110,0.9985422732775083,0.008995876335833408,0.04497938167916704,0.026987629007500225,0.008995876335833408,P
111,0.9984490874089768,0.008914723994723006,0.04457361997361503,0.026744171984169018,0.017829447989446013,N
112,0.9982815172428937,0.008834349710114103,0.044171748550570517,0.02650304913034231,0.02650304913034231,N
113,0.998043613984398,0.008754768543722789,0.043773842718613946,0.026264305631168366,0.035019074174891154,N
114,0.9977392586001872,0.008675993553045106,0.04337996776522553,0.02602798065913532,0.04337996776522553,N
115,0.9984060190411981,0.008606948440010328,0.04303474220005164,0.03442779376004131,0.008606948440010328,P
116,0.9983240415226177,0.008532684115577928,0.042663420577889646,0.03413073646231171,0.017065368231155856,N
117,0.99817364527324,0.00845909868875627,0.042295493443781355,0.03383639475502508,0.025377296066268814,N
118,0.9979583913372464,0.008386204969220558,0.04193102484610279,0.03354481987688223,0.03354481987688223,N
119,0.9976816978900794,0.008314014149083995,0.041570070745419976,0.03325605659633598,0.041570070745419976,N
120,0.9982288814436193,0.008249825466476192,0.04124912733238096,0.04124912733238096,0.008249825466476192,N
121,0.9981574832340336,0.008181618715033062,0.04090809357516532,0.04090809357516532,0.016363237430066124,N
122,0.9980229320320949,0.008114007577496706,0.040570037887483534,0.040570037887483534,0.02434202273249012,N
123,0.9978283743917622,0.008047003019288405,0.04023501509644203,0.04023501509644203,0.03218801207715362,N
124,0.9975768361274686,0.00798061468901975,0.03990307344509875,0.03990307344509875,0.03990307344509875,N
125,0.9997796143223926,0.015869517687657025,0.007934758843828512,0.007934758843828512,0.007934758843828512,P
126,0.9996901434561377,0.01574315186545099,0.007871575932725495,0.007871575932725495,0.01574315186545099,N
127,0.9995425504098778,0.015617852350154341,0.0078089261750771705,0.0078089261750771705,0.02342677852523151,N
128,0.9993396367282237,0.01549363777873215,0.007746818889366075,0.007746818889366075,0.0309872755574643,N
129,0.9990841000840783,0.015370524616678129,0.007685262308339064,0.007685262308339064,0.038426311541695325,N
130,0.9997087689602449,0.015262729297102975,0.0076313646485514875,0.015262729297102975,0.0076313646485514875,N
131,0.9996271599497564,0.015145866059844795,0.0075729330299223975,0.015145866059844795,0.015145866059844795,N
132,0.9994915971991688,0.01502994883006269,0.007514974415031345,0.01502994883006269,0.022544923245094033,N
133,0.9993045799517767,0.014914993730623532,0.007457496865311766,0.014914993730623532,0.029829987461247064,N
134,0.9990685184685754,0.014801015088423339,0.007400507544211669,0.014801015088423339,0.03700253772105835,N
135,0.9995947533908072,0.014699922843982458,0.007349961421991229,0.022049884265973686,0.007349961421991229,N
136,0.9995208305328507,0.014591544971282492,0.007295772485641246,0.02188731745692374,0.014591544971282492,N
137,0.9993966816947055,0.014484009879633414,0.007242004939816707,0.02172601481945012,0.02172601481945012,N
138,0.9992245455964092,0.01437733159131524,0.00718866579565762,0.02156599738697286,0.02875466318263048,N
139,0.9990065843160894,0.01427152263308699,0.007135761316543495,0.021407283949630485,0.03567880658271748,N
140,0.999447166687237,0.014176555555847334,0.007088277777923667,0.028353111111694668,0.007088277777923667,N
141,0.999380659166909,0.014075783931928295,0.007037891965964147,0.02815156786385659,0.014075783931928295,N
142,0.9992672739167103,0.01397576606876518,0.00698788303438259,0.02795153213753036,0.02096364910314777,N
143,0.9991090239637282,0.013876514221718449,0.006938257110859224,0.027753028443436897,0.027753028443436897,N
144,0.9989078559860289,0.013778039392910743,0.006889019696455371,0.027556078785821485,0.03444509848227686,N
145,0.9992736388558552,0.013688679984326782,0.006844339992163391,0.034221699960816955,0.006844339992163391,N
146,0.9992142179100415,0.013594751264082196,0.006797375632041098,0.03398687816020549,0.013594751264082196,N
147,0.999110938695585,0.01350149917156196,0.00675074958578098,0.0337537479289049,0.02025224875734294,N
148,0.9989656177663926,0.013408934466662989,0.006704467233331494,0.03352233616665747,0.026817868933325977,N
149,0.9987800139637881,0.013317066852850508,0.006658533426425254,0.03329266713212627,0.03329266713212627,N
150,0.9997807834772091,0.01324212958247959,0.01324212958247959,0.006621064791239795,0.006621064791239795,P
151,0.999718782104655,0.01315419450137704,0.01315419450137704,0.00657709725068852,0.01315419450137704,P
152,0.9996157540684272,0.013066872602201662,0.013066872602201662,0.006533436301100831,0.019600308903302492,P
153,0.9994733460067203,0.012980173324762602,0.012980173324762602,0.006490086662381301,0.025960346649525203,N
154,0.9992931539001607,0.012894105211614977,0.012894105211614977,0.006447052605807488,0.032235263029037446,N
155,0.9997330129441135,0.012817089909539918,0.012817089909539918,0.012817089909539918,0.006408544954769959,P
156,0.99967560114308,0.01273472103366981,0.01273472103366981,0.01273472103366981,0.01273472103366981,N
157,0.9995796595056436,0.01265290708234992,0.01265290708234992,0.01265290708234992,0.01897936062352488,N
158,0.9994466840142339,0.012571656402694767,0.012571656402694767,0.012571656402694767,0.025143312805389534,N
159,0.9992781261557895,0.012490976576947367,0.012490976576947367,0.012490976576947367,0.03122744144236842,N
160,0.9996529718995542,0.012418049340367132,0.012418049340367132,0.0186270740105507,0.006209024670183566,P
161,0.99960014850028,0.01234074257407753,0.01234074257407753,0.018511113861116296,0.01234074257407753,N
162,0.9995110667853727,0.012263939469759174,0.012263939469759174,0.01839590920463876,0.01839590920463876,N
163,0.9993870898266183,0.012187647436909978,0.012187647436909978,0.018281471155364968,0.024375294873819956,N
164,0.9992295414628573,0.012111873229852814,0.012111873229852814,0.018167809844779222,0.03027968307463204,N
165,0.9995466867100404,0.01204273116518121,0.01204273116518121,0.02408546233036242,0.006021365582590605,N
166,0.9994983876431075,0.011970040570576138,0.011970040570576138,0.023940081141152276,0.011970040570576138,N
167,0.9994159033087222,0.011897808372722883,0.011897808372722883,0.023795616745445766,0.017846712559084325,N
168,0.9993004790861634,0.011826041172617319,0.011826041172617319,0.023652082345234637,0.023652082345234637,N
169,0.9991533256363408,0.011754745007486363,0.011754745007486363,0.023509490014972725,0.029386862518715907,N
170,0.999419131039434,0.01168911264373607,0.01168911264373607,0.029222781609340175,0.005844556321868035,N
171,0.9993752479402341,0.0116206424179097,0.0116206424179097,0.029051606044774247,0.0116206424179097,N
172,0.9992990770320858,0.011552590485920066,0.011552590485920066,0.028881476214800167,0.0173288857288801,N
173,0.9991917591111729,0.011484962748404286,0.011484962748404286,0.028712406871010714,0.022969925496808572,N
174,0.9990544041447849,0.011417764618797541,0.011417764618797541,0.028544411546993855,0.028544411546993855,N
175,0.9997579649659182,0.011360885965521797,0.017041328948282697,0.005680442982760899,0.005680442982760899,P
176,0.9997128499581862,0.011296190395007753,0.01694428559251163,0.005648095197503877,0.011296190395007753,P
177,0.9996372382673111,0.011231879081655181,0.01684781862248277,0.0056159395408275905,0.01684781862248277,P
178,0.9995321783080168,0.011167957299530913,0.01675193594929637,0.005583978649765457,0.022335914599061826,P
179,0.9993986909421835,0.011104429899357594,0.01665664484903639,0.005552214949678797,0.027761074748393986,P
180,0.999725396263263,0.011046689461472518,0.016570034192208778,0.011046689461472518,0.005523344730736259,P
181,0.9996831599434649,0.010985529230147966,0.01647829384522195,0.010985529230147966,0.010985529230147966,P
182,0.9996120387218387,0.010924721734664904,0.016387082601997355,0.010924721734664904,0.016387082601997355,N
183,0.9995129977648497,0.010864271714835323,0.016296407572252983,0.010864271714835323,0.021728543429670646,N
184,0.9993869775962654,0.010804183541581247,0.01620627531237187,0.010804183541581247,0.027010458853953118,N
185,0.9996677572803071,0.01074911566968072,0.016123673504521083,0.016123673504521083,0.00537455783484036,P
186,0.9996284493348173,0.010691213361869704,0.016036820042804555,0.016036820042804555,0.010691213361869704,N
187,0.9995617414205391,0.010633635547027013,0.015950453320540518,0.015950453320540518,0.015950453320540518,N
188,0.9994685239977601,0.010576386497330795,0.015864579745996192,0.015864579745996192,0.02115277299466159,N
189,0.9993496654240513,0.010519470162358435,0.015779205243537653,0.015779205243537653,0.026298675405896088,N
190,0.9995890804817802,0.010466901366301363,0.015700352049452044,0.020933802732602726,0.005233450683150682,P
191,0.9995527091369192,0.01041200738684291,0.015618011080264362,0.02082401477368582,0.01041200738684291,N
192,0.9994903091346176,0.01035741252989241,0.015536118794838615,0.02071482505978482,0.015536118794838615,N
193,0.999402703707686,0.010303120656780268,0.015454680985170404,0.020606241313560536,0.020606241313560536,N
194,0.9992906962105526,0.010249135345749257,0.015373703018623886,0.020498270691498514,0.025622838364373145,N
195,0.9994927851618992,0.010198905971039788,0.015298358956559682,0.02549726492759947,0.005099452985519894,P
196,0.9994593272090954,0.010146795200092339,0.015220192800138508,0.025366988000230847,0.010146795200092339,N
197,0.999401109804397,0.010094960705094918,0.015142441057642378,0.025237401762737297,0.015142441057642378,N
198,0.9993188955228128,0.010043405985153898,0.015065108977730847,0.025108514962884743,0.020086811970307795,N
199,0.9992134290151226,0.009992134290151226,0.014988201435226839,0.024980335725378066,0.024980335725378066,N
200,0.9997278406580387,0.00994754070306506,0.01989508140613012,0.00497377035153253,0.00497377035153253,P
201,0.9996937981813316,0.009897958397834966,0.019795916795669933,0.004948979198917483,0.009897958397834966,P
202,0.9996362004657505,0.009848632516903946,0.019697265033807893,0.004924316258451973,0.01477294877535592,P
203,0.9995557556436929,0.009799566231800911,0.019599132463601822,0.0048997831159004555,0.019599132463601822,P
204,0.9994531556076524,0.009750762493733195,0.01950152498746639,0.004875381246866597,0.024376906234332984,P
205,0.9997055688640036,0.00970587930935926,0.01941175861871852,0.00970587930935926,0.00485293965467963,P
206,0.9996734312952338,0.009658680495606123,0.019317360991212246,0.009658680495606123,0.009658680495606123,P
207,0.9996188385989568,0.009611719601913047,0.019223439203826093,0.009611719601913047,0.014417579402869569,P
208,0.9995424492451099,0.009564999514307271,0.019129999028614543,0.009564999514307271,0.019129999028614543,N
209,0.9994449069791543,0.009518522923610993,0.019037045847221986,0.009518522923610993,0.023796307309027483,N
210,0.9996632505208319,0.009475481047590825,0.01895096209518165,0.014213221571386237,0.004737740523795412,P
211,0.9996330785144025,0.009430500740701911,0.018861001481403822,0.014145751111052866,0.009430500740701911,P
212,0.9995814747324809,0.009385741546783859,0.018771483093567718,0.014078612320175788,0.014078612320175788,N
213,0.9995090524963344,0.009341206098096582,0.018682412196193165,0.014011809147144874,0.018682412196193165,N
214,0.999416411747424,0.00929689685346441,0.01859379370692882,0.013945345280196614,0.023242242133661023,N
215,0.9996037164810784,0.009255589967417393,0.018511179934834785,0.018511179934834785,0.004627794983708696,P
216,0.9995755427555548,0.009212677813415253,0.018425355626830505,0.018425355626830505,0.009212677813415253,N
217,0.999526890963947,0.009169971476733459,0.018339942953466918,0.018339942953466918,0.013754957215100188,N
218,0.9994583332935909,0.009127473363411789,0.018254946726823578,0.018254946726823578,0.018254946726823578,N
219,0.9993704297482608,0.00908518572498419,0.01817037144996838,0.01817037144996838,0.022712964312460476,N
220,0.9995294165527999,0.009045515081925791,0.018091030163851583,0.022613787704814477,0.004522757540962896,P
221,0.9995032516433393,0.009004533798588642,0.018009067597177283,0.022511334496471604,0.009004533798588642,N
222,0.9994574990307897,0.008963744385926365,0.01792748877185273,0.02240936096481591,0.013445616578889548,N
223,0.999392693348736,0.008923149047756571,0.017846298095513143,0.02230787261939143,0.017846298095513143,N
224,0.9993093581140532,0.008882749849902696,0.01776549969980539,0.022206874624756737,0.022206874624756737,N
225,0.9996966687308211,0.008846873174609035,0.02211718293652259,0.004423436587304518,0.004423436587304518,P
226,0.9996702518604158,0.008807667417272385,0.022019168543180964,0.0044038337086361925,0.008807667417272385,P
227,0.9996250955153672,0.008768641188731292,0.021921602971828227,0.004384320594365646,0.013152961783096937,P
228,0.9995617002009536,0.008729796508305273,0.02182449127076318,0.004364898254152636,0.017459593016610545,P
229,0.9994805562419568,0.00869113527166919,0.021727838179172974,0.004345567635834595,0.021727838179172974,P
230,0.9996815674293873,0.008655251666055302,0.021638129165138253,0.008655251666055302,0.004327625833027651,P
231,0.9996564642644683,0.008617728140210933,0.02154432035052733,0.008617728140210933,0.008617728140210933,P
232,0.9996134056058984,0.008580372580308141,0.02145093145077035,0.008580372580308141,0.012870558870462212,P
233,0.999552860529452,0.008543186842132068,0.02135796710533017,0.008543186842132068,0.017086373684264137,P
234,0.9994752887811935,0.008506172670478242,0.021265431676195604,0.008506172670478242,0.021265431676195604,N
235,0.9996500688539386,0.00847161075299948,0.0211790268824987,0.01270741612949922,0.00423580537649974,P
236,0.9996263378309239,0.008435665298151256,0.021089163245378142,0.012653497947226885,0.008435665298151256,P
237,0.9995853861684805,0.008399877194693114,0.020999692986732783,0.01259981579203967,0.01259981579203967,P
238,0.9995276540764964,0.008364248151267751,0.02091062037816938,0.012546372226901628,0.016728496302535503,N
239,0.9994535731999015,0.008328779776665846,0.020821949441664614,0.012493169664998768,0.020821949441664614,N
240,0.9996042363758242,0.008295470841293147,0.020738677103232867,0.016590941682586294,0.004147735420646574,P
241,0.9995819165954218,0.008261007575168774,0.020652518937921936,0.01652201515033755,0.008261007575168774,P
242,0.9995430660031029,0.008226691901260106,0.020566729753150267,0.016453383802520212,0.01234003785189016,N
243,0.9994880982515856,0.0081925253955048,0.020481313488762,0.0163850507910096,0.0163850507910096,N
244,0.999417419117463,0.008158509543816025,0.02039627385954006,0.01631701908763205,0.02039627385954006,N
245,0.9995458842431238,0.008126389302789624,0.02031597325697406,0.02031597325697406,0.004063194651394812,P
246,0.9995249989494913,0.008093319829550537,0.020233299573876342,0.020233299573876342,0.008093319829550537,N
247,0.9994882313184046,0.008060388962245198,0.020150972405612994,0.020150972405612994,0.012090583443367798,N
248,0.9994359705289078,0.008027598156858697,0.020068995392146745,0.020068995392146745,0.016055196313717393,N
249,0.9993685985056072,0.007994948788044859,0.019987371970112144,0.019987371970112144,0.019987371970112144,N
250,0.9999047770193048,0.01195105311178452,0.00398368437059484,0.00398368437059484,0.00398368437059484,P
251,0.9998819181216142,0.011903356168114455,0.003967785389371485,0.003967785389371485,0.00793557077874297,P
252,0.9998438085708329,0.011855855437598808,0.003951951812532936,0.003951951812532936,0.011855855437598808,N
253,0.9997908152372086,0.011808552935872543,0.003936184311957514,0.003936184311957514,0.015744737247830057,N
254,0.9997232982791523,0.011761450567990026,0.003920483522663342,0.003920483522663342,0.01960241761331671,N
255,0.9998855787233705,0.011717409125664498,0.003905803041888166,0.007811606083776332,0.003905803041888166,P
256,0.999863765373067,0.011671561463498837,0.0038905204878329457,0.007781040975665891,0.007781040975665891,N
257,0.9998272786995471,0.011625898589529619,0.0038752995298432062,0.0077505990596864124,0.011625898589529619,N
258,0.9997764647121626,0.011580422371183351,0.00386014079039445,0.0077202815807889,0.0154405631615778,N
259,0.9997116632166503,0.011535134575576735,0.003845044858525578,0.007690089717051156,0.01922522429262789,N
260,0.9998532347062662,0.01149256591616398,0.003830855305387993,0.01149256591616398,0.003830855305387993,N
261,0.999832511058557,0.011448463867082714,0.003816154622360904,0.011448463867082714,0.007632309244721808,N
262,0.9997976586191168,0.011404536029875857,0.0038015120099586194,0.011404536029875857,0.011404536029875857,N
263,0.9997490040801085,0.01136078413727396,0.0037869280457579865,0.01136078413727396,0.015147712183031946,N
264,0.9996868683916511,0.011317209830848881,0.003772403276949627,0.011317209830848881,0.018862016384748135,N
265,0.9998092580473986,0.011276044263692464,0.0037586814212308218,0.015034725684923287,0.0037586814212308218,N
266,0.9997896552426196,0.011233591631939547,0.003744530543979849,0.014978122175919395,0.007489061087959698,N
267,0.9997564378654276,0.011191303408941353,0.0037304344696471176,0.01492173787858847,0.011191303408941353,N
268,0.999709914695005,0.011149181204777007,0.003716393734925669,0.014865574939702676,0.014865574939702676,N
269,0.9996503891883979,0.011107226546537754,0.003702408848845918,0.014809635395383672,0.01851204424422959,N
270,0.9997549953684576,0.011067398472713553,0.003689132824237851,0.018445664121189254,0.003689132824237851,N
271,0.99973653365663,0.011026505885918712,0.0036755019619729044,0.018377509809864523,0.007351003923945809,N
272,0.9997049435304995,0.01098576861022527,0.00366192287007509,0.01830961435037545,0.01098576861022527,N
273,0.9996605171357653,0.010945188143822247,0.0036483960479407494,0.018241980239703748,0.014593584191762998,N
274,0.9996035416786165,0.010904765909221271,0.003634921969740424,0.01817460984870212,0.01817460984870212,N
275,0.9999015583313721,0.010868495199254044,0.007245663466169363,0.0036228317330846815,0.0036228317330846815,P
276,0.9998827246958212,0.010829054780099146,0.007219369853399431,0.0036096849266997154,0.007219369853399431,P
277,0.9998512313828867,0.010789761489743381,0.007193174326495588,0.003596587163247794,0.010789761489743381,P
278,0.9998073551774685,0.01075061672233837,0.007167077814892247,0.0035835389074461237,0.014334155629784495,P
279,0.999751368267561,0.010711621802866724,0.007141081201911149,0.0035705406009555745,0.017852703004777874,P
280,0.9998860391641704,0.010674939919902175,0.007116626613268117,0.007116626613268117,0.0035583133066340584,P
281,0.9998679905324603,0.01063689351630277,0.007091262344201846,0.007091262344201846,0.007091262344201846,P
282,0.9998377200910564,0.01059898643206067,0.007065990954707113,0.007065990954707113,0.01059898643206067,N
283,0.9997954902480141,0.0105612199674086,0.0070408133116057325,0.0070408133116057325,0.014081626623211465,N
284,0.9997415591324916,0.010523595359289385,0.007015730239526257,0.007015730239526257,0.01753932559881564,N
285,0.9998594359708627,0.010488036041652406,0.006992024027768271,0.010488036041652406,0.0034960120138841353,P
286,0.9998422109872017,0.01045131230997075,0.0069675415399805,0.01045131230997075,0.0069675415399805,N
287,0.9998131792950199,0.010414720617656458,0.0069431470784376385,0.010414720617656458,0.010414720617656458,N
288,0.9997725898988543,0.010378262178880842,0.0069188414525872275,0.010378262178880842,0.013837682905174455,N
289,0.9997206878156492,0.01034193814981706,0.006894625433211374,0.01034193814981706,0.017236563583028434,N
290,0.9998229116846694,0.010307452697780096,0.006871635131853398,0.013743270263706796,0.003435817565926699,P
291,0.9998065395476613,0.010271984995352685,0.00684798999690179,0.01369597999380358,0.00684798999690179,N
292,0.9997787546187006,0.010236642538758027,0.006824428359172017,0.013648856718344034,0.010236642538758027,N
293,0.9997397933915514,0.010201426463179095,0.006800950975452731,0.013601901950905462,0.013601901950905462,N
294,0.9996898886395961,0.010166337850572164,0.006777558567048109,0.013555117134096219,0.01694389641762027,N
295,0.9997775121841589,0.010132880191055665,0.0067552534607037765,0.01688813365175944,0.0033776267303518882,P
296,0.9997620140378015,0.010098606202402036,0.00673240413493469,0.016831010337336725,0.00673240413493469,N
297,0.9997354772759659,0.010064451113516434,0.006709634075677623,0.016774085189194057,0.010064451113516434,N
298,0.9996981267016407,0.010030415986972983,0.006686943991315322,0.016717359978288306,0.013373887982630644,N
299,0.9996501836428782,0.009996501836428782,0.006664334557619188,0.01666083639404797,0.01666083639404797,N
300,0.9998896442126065,0.009965677517069168,0.009965677517069168,0.0033218925056897226,0.0033218925056897226,P
301,0.9998739328824622,0.009932522512077439,0.009932522512077439,0.0033108408373591467,0.006621681674718293,P
302,0.9998475443745904,0.009899480637372183,0.009899480637372183,0.003299826879124061,0.009899480637372183,P
303,0.9998106926199135,0.009866552887696514,0.009866552887696514,0.003288850962565505,0.01315540385026202,P
304,0.9997635882964664,0.009833740212752129,0.009833740212752129,0.0032779134042507097,0.016389567021253548,P
305,0.9998772066100926,0.009802717711863652,0.009802717711863652,0.006535145141242435,0.0032675725706212176,P
306,0.9998620960335445,0.00977063937492063,0.00977063937492063,0.0065137595832804205,0.0065137595832804205,P
307,0.9998366482314178,0.009738668651604719,0.009738668651604719,0.006492445767736479,0.009738668651604719,P
308,0.9998010669076061,0.009706806474831128,0.009706806474831128,0.0064712043165540845,0.012942408633108169,P
309,0.9997555527202446,0.009675053736002368,0.009675053736002368,0.006450035824001579,0.016125089560003945,N
310,0.9998552851907826,0.00964490628801398,0.00964490628801398,0.00964490628801398,0.0032149687626713266,P
311,0.9998408088952065,0.009613853931684678,0.009613853931684678,0.009613853931684678,0.006409235954456452,P
312,0.9998163190318806,0.009582904016280005,0.009582904016280005,0.009582904016280005,0.009582904016280005,N
313,0.999782009715721,0.009552057417666123,0.009552057417666123,0.009552057417666123,0.012736076556888165,N
314,0.9997380722069834,0.009521314973399843,0.009521314973399843,0.009521314973399843,0.015868858288999737,N
315,0.9998247936932307,0.009492007535062318,0.009492007535062318,0.012656010046749756,0.003164002511687439,P
316,0.9998109781861891,0.009461933547503368,0.009461933547503368,0.012615911396671156,0.006307955698335578,P
317,0.9997874575199966,0.009431957146415064,0.009431957146415064,0.012575942861886751,0.009431957146415064,N
318,0.999754416809904,0.009402079154952074,0.009402079154952074,0.0125361055399361,0.0125361055399361,N
319,0.9997120384930182,0.009372300360872044,0.009372300360872044,0.012496400481162726,0.015620500601453409,N
320,0.9997865611090033,0.009343799636532741,0.009343799636532741,0.015572999394221236,0.0031145998788442474,P
321,0.9997734268199815,0.009314659256086785,0.009314659256086785,0.015524432093477975,0.00620977283739119,N
322,0.9997508814923785,0.009285611902405991,0.009285611902405991,0.01547601983734332,0.009285611902405991,N
323,0.9997191017867316,0.009256658349877146,0.009256658349877146,0.015427763916461909,0.012342211133169526,N
324,0.9996782618486693,0.009227799340141563,0.009227799340141563,0.015379665566902604,0.015379665566902604,N
325,0.9998729964598521,0.009201285243495571,0.01226838032466076,0.00306709508116519,0.00306709508116519,P
326,0.9998597495119398,0.009173025224880182,0.012230700299840242,0.0030576750749600604,0.006115350149920121,P
327,0.9998373760853104,0.009144854049560766,0.012193138732747688,0.003048284683186922,0.009144854049560766,P
328,0.9998060449310996,0.00911677244618024,0.012155696594906987,0.0030389241487267468,0.012155696594906987,P
329,0.9997659224345045,0.00908878111304095,0.012118374817387933,0.003029593704346983,0.015147968521734917,P
330,0.9998631180782666,0.0090622034871142,0.012082937982818932,0.006041468991409466,0.003020734495704733,P
331,0.9998503384383731,0.009034792214804577,0.012046389619739436,0.006023194809869718,0.006023194809869718,P
332,0.9998287015111287,0.009007465779379538,0.01200995437250605,0.006004977186253025,0.009007465779379538,P
333,0.9997983685757097,0.008980224867446493,0.011973633156595326,0.005986816578297663,0.011973633156595326,P
334,0.999759498684899,0.008953070137476708,0.011937426849968943,0.005968713424984472,0.01492178356246118,P
335,0.9998450261121694,0.00892718773314437,0.011902916977525827,0.00892718773314437,0.002975729244381457,P
336,0.9998327427968671,0.008900588214808906,0.011867450953078541,0.008900588214808906,0.005933725476539271,P
337,0.9998118594179431,0.008874069758147425,0.011832093010863232,0.008874069758147425,0.008874069758147425,P
338,0.9997825302148547,0.008847633010750927,0.011796844014334569,0.008847633010750927,0.011796844014334569,N
339,0.9997449073301962,0.008821278594089967,0.011761704792119954,0.008821278594089967,0.014702130990149944,N
340,0.9998194519061051,0.008796065559291247,0.01172808741238833,0.01172808741238833,0.0029320218530970825,P
341,0.999807688607618,0.008770242882522965,0.011693657176697287,0.011693657176697287,0.005846828588348643,P
342,0.9997875712143528,0.008744497707414164,0.01165933027655222,0.01165933027655222,0.008744497707414164,N
343,0.999759247327641,0.008718830645299195,0.011625107527065593,0.011625107527065593,0.011625107527065593,N
344,0.9997228625723078,0.00869324228323746,0.011590989710983279,0.011590989710983279,0.0144887371387291,N
345,0.9997870639222485,0.008668673964643773,0.011558231952858364,0.014447789941072955,0.002889557988214591,P
346,0.9997758396644303,0.008643595155600262,0.01152479354080035,0.014405991926000436,0.005762396770400175,P
347,0.999756496685364,0.00861859048866693,0.011491453984889242,0.014364317481111551,0.00861859048866693,N
348,0.9997291763217616,0.008593660541447808,0.011458214055263743,0.01432276756907968,0.011458214055263743,N
349,0.999694018045772,0.008568805868963759,0.01142507449195168,0.0142813431149396,0.0142813431149396,N
350,0.9998539293010029,0.008545760079495751,0.014242933465826252,0.00284858669316525,0.00284858669316525,P
351,0.9998426572358854,0.008521386283260388,0.014202310472100646,0.002840462094420129,0.005680924188840258,P
352,0.9998234944868395,0.008497083522551043,0.014161805870918406,0.002832361174183681,0.008497083522551043,P
353,0.9997965765000881,0.008472852343221086,0.014121420572035142,0.0028242841144070284,0.011297136457628114,P
354,0.9997620369602225,0.008448693270086387,0.014081155450143979,0.002816231090028796,0.014081155450143979,P
355,0.9998461723531065,0.008425669991739661,0.014042783319566102,0.0056171133278264404,0.0028085566639132202,P
356,0.9998352689223647,0.008401977049767771,0.014003295082946286,0.005601318033178514,0.005601318033178514,P
357,0.9998166915937695,0.0083783521641936,0.013963920273656,0.0055855681094624,0.0083783521641936,P
358,0.9997905702284251,0.008354795851491018,0.01392465975248503,0.005569863900994012,0.011139727801988023,P
359,0.9997570330225675,0.008331308608521396,0.01388551434753566,0.005554205739014264,0.01388551434753566,P
360,0.9998312288065062,0.00830884677678537,0.013848077961308951,0.00830884677678537,0.00276961559226179,P
361,0.9998207191436567,0.008285807064726437,0.013809678441210728,0.008285807064726437,0.005523871376484291,P
362,0.9998027433823976,0.00826283258993717,0.013771387649895285,0.00826283258993717,0.00826283258993717,P
363,0.9997774260998799,0.008239923841482527,0.013733206402470877,0.008239923841482527,0.010986565121976702,P
364,0.999744890298679,0.008217081290126129,0.013695135483543548,0.008217081290126129,0.013695135483543548,N
365,0.9998096933246695,0.008195161420694012,0.013658602367823354,0.010926881894258684,0.002731720473564671,P
366,0.9997995984526691,0.00817274876119348,0.013621247935322467,0.010896998348257974,0.005448499174128987,P
367,0.9997822367946011,0.008150398669521206,0.01358399778253534,0.010867198226028274,0.008150398669521206,P
368,0.9997577279249081,0.008128111609145595,0.013546852681909324,0.010837482145527459,0.010837482145527459,N
369,0.9997261899277838,0.00810588802644149,0.013509813377402483,0.010807850701921987,0.013509813377402483,N
370,0.9997821129210225,0.008084491479145734,0.01347415246524289,0.01347415246524289,0.002694830493048578,P
371,0.9997724502205404,0.008062681050165648,0.01343780175027608,0.01343780175027608,0.005375120700110432,P
372,0.9997557120239452,0.008040930659710014,0.013401551099516691,0.013401551099516691,0.008040930659710014,N
373,0.9997320131658473,0.00801924074731963,0.013365401245532716,0.013365401245532716,0.010692320996426174,N
374,0.9997014670694309,0.007997611736555447,0.013329352894259077,0.013329352894259077,0.013329352894259077,N
375,0.9999328100769981,0.010637583085925512,0.002659395771481378,0.002659395771481378,0.002659395771481378,P
376,0.9999226145040366,0.010609258509326648,0.002652314627331662,0.002652314627331662,0.005304629254663324,P
377,0.9999055311508922,0.010581010911649653,0.0026452527279124134,0.0026452527279124134,0.00793575818373724,P
378,0.9998816703959551,0.010552840848506122,0.0026382102121265305,0.0026382102121265305,0.010552840848506122,N
379,0.9998511412782178,0.010524748855560187,0.002631187213890047,0.002631187213890047,0.013155936069450236,N
380,0.9999242306830205,0.010497892185648509,0.002624473046412127,0.005248946092824254,0.002624473046412127,P
381,0.9999143499761179,0.010470307329592858,0.0026175768323982145,0.005235153664796429,0.005235153664796429,N
382,0.9998977585258196,0.010442796433690022,0.0026106991084225055,0.005221398216845011,0.007832097325267517,N
383,0.999874562451302,0.010415360025534396,0.002603840006383599,0.005207680012767198,0.010415360025534396,N
384,0.9998448666012067,0.010387998614038512,0.002596999653509628,0.005193999307019256,0.012984998267548141,N
385,0.9999094058532026,0.010361755501069457,0.0025904388752673643,0.007771316625802093,0.0025904388752673643,P
386,0.99989986080627,0.010334882282235348,0.002583720570558837,0.0077511617116765115,0.005167441141117674,N
387,0.9998837751809596,0.010308080156504739,0.0025770200391261847,0.007731060117378554,0.007731060117378554,N
388,0.9998612510523376,0.010281349625216839,0.0025703374063042097,0.007711012218912629,0.010281349625216839,N
389,0.9998323892894844,0.01025469117219984,0.00256367279304996,0.00769101837914988,0.0128183639652498,N
390,0.9998888209457902,0.010229041646504247,0.002557260411626062,0.010229041646504247,0.002557260411626062,N
391,0.9998796291924126,0.010202853359106251,0.002550713339776563,0.010202853359106251,0.005101426679553126,N
392,0.9998640605118638,0.010176733440324314,0.0025441833600810784,0.010176733440324314,0.007632550080243235,N
393,0.9998422131368672,0.010150682366871748,0.002537670591717937,0.010150682366871748,0.010150682366871748,N
394,0.9998141841547119,0.010124700599035058,0.0025311751497587645,0.010124700599035058,0.012655875748793823,N
395,0.999862924832754,0.010099625503361152,0.002524906375840288,0.012624531879201439,0.002524906375840288,N
396,0.999854101183224,0.010074096737362459,0.0025185241843406147,0.012592620921703074,0.005037048368681229,N
397,0.9998390580784788,0.010048633749532451,0.002512158437383113,0.012560792186915562,0.007536475312149338,N
398,0.999817890098305,0.010023236993466716,0.002505809248366679,0.012529046241833397,0.010023236993466716,N
399,0.9997906907338979,0.009997906907338979,0.0024994767268347448,0.012497383634173725,0.012497383634173725,N
400,0.999931599483807,0.009974380044726254,0.004987190022363127,0.0024935950111815634,0.0024935950111815634,P
401,0.9999226594027222,0.009949479198037035,0.004974739599018518,0.002487369799509259,0.004974739599018518,P
402,0.9999076533798433,0.009924641720891745,0.004962320860445873,0.0024811604302229363,0.0074434812906688085,P
403,0.9998866725368696,0.009899868044919501,0.004949934022459751,0.0024749670112298753,0.009899868044919501,P
404,0.9998598069595908,0.009875158587255217,0.0049375792936276084,0.0024687896468138042,0.012343948234069022,P
405,0.9999241756757512,0.009851469711091144,0.004925734855545572,0.004925734855545572,0.002462867427772786,P
406,0.9999154946579044,0.009827179308677193,0.004913589654338597,0.004913589654338597,0.004913589654338597,P
407,0.9999008942043199,0.009802949943179607,0.004901474971589804,0.004901474971589804,0.007352212457384706,P
408,0.9998804621329652,0.009778782025750271,0.004889391012875136,0.004889391012875136,0.009778782025750271,N
409,0.9998542852759432,0.009754675953911641,0.004877337976955821,0.004877337976955821,0.012193344942389552,N
410,0.9999112129201209,0.009731495989490227,0.004865747994745114,0.00729862199211767,0.002432873997372557,P
411,0.9999028089678521,0.009707794261823806,0.004853897130911903,0.007280845696367855,0.004853897130911903,P
412,0.99988862673803,0.009684151348552349,0.004842075674276174,0.0072631135114142615,0.0072631135114142615,N
413,0.9998687509017722,0.009660567641563016,0.004830283820781508,0.007245425731172262,0.009660567641563016,N
414,0.9998432651914294,0.009637043519917392,0.004818521759958696,0.007227782639938044,0.01204630439989674,N
415,0.9998931153268124,0.009614356878142426,0.004807178439071213,0.009614356878142426,0.0024035892195356065,P
416,0.9998850039382349,0.009591223059359567,0.0047956115296797835,0.009591223059359567,0.0047956115296797835,N
417,0.999871250344587,0.009568145936311837,0.004784072968155919,0.009568145936311837,0.007176109452233878,N
418,0.9998519362178672,0.009545125882748135,0.004772562941374067,0.009545125882748135,0.009545125882748135,N
419,0.9998271423356593,0.009522163260339613,0.0047610816301698064,0.009522163260339613,0.011902704075424516,N
420,0.9998702584390016,0.009499954949539207,0.004749977474769604,0.011874943686924008,0.002374988737384802,P
421,0.9998624528578738,0.009477369221401646,0.004738684610700823,0.011846711526752058,0.004738684610700823,N
422,0.9998491363044896,0.009454838168363969,0.004727419084181984,0.011818547710454961,0.007091128626272976,N
423,0.9998303875909373,0.009432362147084315,0.0047161810735421575,0.011790452683855392,0.009432362147084315,N
424,0.9998062846766843,0.009409941502839381,0.0047049707514196905,0.011762426878549228,0.011762426878549228,N
425,0.9999256182977959,0.009388972941763342,0.007041729706322506,0.0023472432354408354,0.0023472432354408354,P
426,0.9999177412852355,0.009366910925388622,0.007025183194041467,0.0023417277313471556,0.004683455462694311,P
427,0.9999044813265638,0.009344901694640783,0.007008676270980588,0.002336225423660196,0.007008676270980588,P
428,0.9998859145170065,0.009322945589902158,0.006992209192426618,0.0023307363974755394,0.009322945589902158,P
429,0.9998621161381098,0.009301042940819626,0.0069757822056147195,0.0023252607352049065,0.011626303676024533,P
430,0.9999192608599555,0.009279993140231606,0.006959994855173705,0.004639996570115803,0.0023199982850579015,P
431,0.9999115986577343,0.009258440728312355,0.006943830546234265,0.004629220364156177,0.004629220364156177,P
432,0.9998986761233017,0.0092369392713469,0.006927704453510174,0.00461846963567345,0.006927704453510174,P
433,0.9998805667501536,0.009215489094471462,0.006911616820853597,0.004607744547235731,0.009215489094471462,P
434,0.9998573432551765,0.009194090512691279,0.0068955678845184585,0.004597045256345639,0.011492613140864099,P
435,0.9999079539610063,0.009173467467532167,0.006880100600649126,0.006880100600649126,0.0022933668668830417,P
436,0.9999005222578986,0.009152407526388087,0.006864305644791065,0.006864305644791065,0.004576203763194044,P
437,0.9998879486123609,0.009131396790980465,0.006848547593235349,0.006848547593235349,0.006848547593235349,P
438,0.9998703040327397,0.009110435572052298,0.0068328266790392235,0.0068328266790392235,0.009110435572052298,N
439,0.9998476587857829,0.009089524170779843,0.006817143128084883,0.006817143128084883,0.011361905213474804,N
440,0.9998920377864601,0.009069315535478096,0.006801986651608572,0.009069315535478096,0.002267328883869524,P
441,0.9998848502601766,0.009048731676562683,0.006786548757422013,0.009048731676562683,0.004524365838281342,P
442,0.9998726351526906,0.00902819535126583,0.006771146513449372,0.00902819535126583,0.006771146513449372,N
443,0.9998554610973603,0.009007706856732975,0.006755780142549732,0.009007706856732975,0.009007706856732975,N
444,0.9998333960190281,0.008987266481069916,0.006740449860802436,0.008987266481069916,0.011234083101337394,N
445,0.9998718298296984,0.008967460357217025,0.006725595267912769,0.011209325446521283,0.0022418650893042563,P
446,0.9998648983353813,0.008947336897855762,0.006710502673391821,0.011184171122319701,0.004473668448927881,P
447,0.9998530497767265,0.008927259373006487,0.006695444529754865,0.011159074216258108,0.006695444529754865,N
448,0.9998363505162597,0.008907228066959998,0.006680421050219998,0.011134035083699997,0.008907228066959998,N
449,0.9998148662392725,0.0088872432554602,0.00666543244159515,0.01110905406932525,0.01110905406932525,N
450,0.9999164317331829,0.008868438418919582,0.008868438418919582,0.0022171096047298956,0.0022171096047298956,P
451,0.9999094609621955,0.008848756291700845,0.008848756291700845,0.0022121890729252113,0.0044243781458504225,P
452,0.9998976810129825,0.008829118596141126,0.008829118596141126,0.0022072796490352816,0.006621838947105844,P
453,0.9998811560840857,0.008809525604265072,0.008809525604265072,0.002202381401066268,0.008809525604265072,P
454,0.9998599497260945,0.008789977580009621,0.008789977580009621,0.0021974943950024053,0.010987471975012026,P
455,0.9999110421886671,0.008771149492883044,0.008771149492883044,0.004385574746441522,0.002192787373220761,P
456,0.999904250786121,0.00875189716224176,0.00875189716224176,0.00437594858112088,0.00437594858112088,P
457,0.9998927538542968,0.008732687806587746,0.008732687806587746,0.004366343903293873,0.006549515854940809,P
458,0.999876613515096,0.008713521686406066,0.008713521686406066,0.004356760843203033,0.008713521686406066,P
459,0.9998558912703971,0.008694399054525192,0.008694399054525192,0.004347199527262596,0.01086799881815649,P
460,0.9999012008795416,0.008675932328672812,0.008675932328672812,0.006506949246504609,0.002168983082168203,P
461,0.9998946025988072,0.0086570961263966,0.0086570961263966,0.006492822094797449,0.0043285480631983,P
462,0.9998833990570016,0.008638301503732196,0.008638301503732196,0.006478726127799146,0.006478726127799146,P
463,0.9998676503874718,0.008619548710236825,0.008619548710236825,0.00646466153267762,0.008619548710236825,P
464,0.999847416130001,0.008600837988215062,0.008600837988215062,0.006450628491161297,0.010751047485268828,P
465,0.9998871969709949,0.008582722720781073,0.008582722720781073,0.008582722720781073,0.0021456806801952682,P
466,0.999880803931213,0.008564289541166708,0.008564289541166708,0.008564289541166708,0.004282144770583354,P
467,0.9998699026661024,0.008545896603983782,0.008545896603983782,0.008545896603983782,0.006409422452987836,P
468,0.999854551403946,0.008527544148434507,0.008527544148434507,0.008527544148434507,0.008527544148434507,N
469,0.9998348078045436,0.00850923240684718,0.00850923240684718,0.00850923240684718,0.010636540508558974,N
470,0.9998693013702,0.008491459034991083,0.008491459034991083,0.010614323793738854,0.0021228647587477707,P
471,0.9998631242006829,0.008473416306785449,0.008473416306785449,0.010591770383481811,0.004236708153392724,P
472,0.9998525327492166,0.008455412539105426,0.008455412539105426,0.010569265673881782,0.0063415594043290694,P
473,0.9998375834181983,0.008437447961335007,0.008437447961335007,0.010546809951668758,0.008437447961335007,N
474,0.9998183320653281,0.008419522796339606,0.008419522796339606,0.010524403495424507,0.010524403495424507,N
475,0.9999051226067525,0.00840256405551893,0.01050320506939866,0.0021006410138797323,0.0021006410138797323,P
476,0.9998989293095829,0.008384896681841366,0.010481120852301708,0.0020962241704603414,0.004192448340920683,P
477,0.9998884134911179,0.008367267058503079,0.010459083823128847,0.0020918167646257696,0.006275450293877309,P
478,0.9998736298089161,0.008349675405502431,0.010437094256878039,0.0020874188513756078,0.008349675405502431,P
479,0.9998546323981987,0.008332121936651657,0.01041515242081457,0.0020830304841629142,0.01041515242081457,P
480,0.9999006030797625,0.008315181730393036,0.010393977162991294,0.004157590865196518,0.002078795432598259,P
481,0.9998945605053,0.008297880170168465,0.01037235021271058,0.0041489400850842325,0.0041489400850842325,P
482,0.9998842838128467,0.008280615186855873,0.010350768983569842,0.004140307593427936,0.0062104613901419045,P
483,0.9998698259823957,0.008263386991590047,0.010329233739487558,0.004131693495795024,0.008263386991590047,P
484,0.9998512394929662,0.008246195789632711,0.010307744737040889,0.004123097894816356,0.010307744737040889,P
485,0.9998920562955022,0.008229564249345697,0.010286955311682121,0.006172173187009272,0.002057391062336424,P
486,0.9998861765650724,0.008212617466653572,0.010265771833316966,0.006159463099990179,0.004106308733326786,P
487,0.9998761483821594,0.008195706134279996,0.010244632667849994,0.006146779600709996,0.006146779600709996,P
488,0.9998620231167428,0.00817883045494268,0.010223538068678352,0.006134122841207011,0.00817883045494268,P
489,0.9998438516581242,0.008161990625780605,0.010202488282225758,0.006121492969335454,0.010202488282225758,P
490,0.9998797301804467,0.008145659716337652,0.010182074645422064,0.008145659716337652,0.002036414929084413,P
491,0.9998740240732931,0.008129057106286936,0.01016132138285867,0.008129057106286936,0.004064528553143468,P
492,0.9998642525554372,0.008112488864547159,0.010140611080683948,0.008112488864547159,0.006084366648410369,P
493,0.9998504654510503,0.008095955185838463,0.010119943982298079,0.008095955185838463,0.008095955185838463,P
494,0.9998327121229164,0.008079456259579123,0.010099320324473903,0.008079456259579123,0.010099320324473903,N
495,0.9998638578018919,0.008063418208079773,0.010079272760099716,0.010079272760099716,0.0020158545520199433,P
496,0.9998583348673281,0.008047149576397006,0.010058936970496259,0.010058936970496259,0.004023574788198503,P
497,0.99984882704821,0.008030914273479598,0.010038642841849498,0.010038642841849498,0.006023185705109698,P
498,0.9998353826839537,0.008014712486444519,0.010018390608055648,0.010018390608055648,0.008014712486444519,N
499,0.9998180496709334,0.007998544397367467,0.009998180496709334,0.009998180496709334,0.009998180496709334,N
500,0.9999442279959091,0.009979483313332427,0.0019958966626664855,0.0019958966626664855,0.0019958966626664855,P
501,0.9999384987138706,0.00995954679993895,0.00199190935998779,0.00199190935998779,0.00398381871997558,P
502,0.9999288638769868,0.009939650734363686,0.0019879301468727372,0.0019879301468727372,0.005963790440618211,P
503,0.999915370406848,0.009919795341337778,0.0019839590682675557,0.0019839590682675557,0.007935836273070223,P
504,0.9998980647991581,0.009899980839595625,0.001979996167919125,0.001979996167919125,0.009899980839595625,N
505,0.9999394671349924,0.00988082477406119,0.001976164954812238,0.003952329909624476,0.001976164954812238,P
506,0.9999338713096064,0.00986128078214602,0.001972256156429204,0.003944512312858408,0.003944512312858408,P
507,0.9999244459123676,0.009841776042444563,0.0019683552084889125,0.003936710416977825,0.005905065625466738,N
508,0.9999112364947473,0.009822310771068245,0.001964462154213649,0.003928924308427298,0.007857848616854596,N
509,0.9998942881989041,0.009802885178420628,0.0019605770356841256,0.003921154071368251,0.009802885178420628,N
510,0.9999310735673971,0.00978406138519958,0.001956812277039916,0.005870436831119748,0.001956812277039916,P
511,0.99992562170234,0.009764898649436915,0.0019529797298873828,0.0058589391896621485,0.0039059594597747656,N
512,0.999916414008866,0.009745774015680955,0.001949154803136191,0.005847464409408573,0.005847464409408573,N
513,0.999903494720842,0.009726687691836983,0.0019453375383673968,0.00583601261510219,0.007781350153469587,N
514,0.999886907678607,0.009707639880374826,0.001941527976074965,0.005824583928224895,0.009707639880374826,N
515,0.999919260425366,0.009689140120400834,0.0019378280240801668,0.007751312096320667,0.0019378280240801668,P
516,0.9999139619223802,0.009670347794220312,0.0019340695588440625,0.00773627823537625,0.003868139117688125,N
517,0.9999049791837057,0.009651592463163182,0.0019303184926326364,0.0077212739705305455,0.005790955477897909,N
518,0.999892355175641,0.009632874327318314,0.0019265748654636629,0.0077062994618546515,0.0077062994618546515,N
519,0.9998761324859988,0.009614193581596143,0.0019228387163192284,0.0076913548652769136,0.009614193581596143,N
520,0.9999042286722425,0.009596009872094458,0.0019192019744188916,0.009596009872094458,0.0019192019744188916,N
521,0.9998990919187487,0.009577577508800275,0.001915515501760055,0.009577577508800275,0.00383103100352011,N
522,0.9998903404560003,0.009559181075105165,0.001911836215021033,0.009559181075105165,0.0057355086450630996,N
523,0.9998780160304246,0.009540820763649089,0.001908164152729818,0.009540820763649089,0.007632656610919272,N
524,0.9998621600243015,0.009522496762136205,0.001904499352427241,0.009522496762136205,0.009522496762136205,N
525,0.9999439825008121,0.009505170936319507,0.0038020683745278025,0.0019010341872639012,0.0019010341872639012,P
526,0.9999387948709528,0.009487085340331622,0.003794834136132648,0.001897417068066324,0.003794834136132648,P
527,0.9999300607125958,0.009469034665838975,0.00378761386633559,0.001893806933167795,0.005681420799503385,P
528,0.9999178206022361,0.009451019098319812,0.0037804076393279248,0.0018902038196639624,0.0075608152786558495,P
529,0.999902114765753,0.009433038818544839,0.003773215527417936,0.001886607763708968,0.009433038818544839,P
530,0.9999397134259425,0.009415628186684958,0.003766251274673983,0.003766251274673983,0.0018831256373369916,P
531,0.9999346409268985,0.00939788196359867,0.0037591527854394682,0.0037591527854394682,0.0037591527854394682,P
532,0.9999260876986044,0.009380169678223306,0.0037520678712893224,0.0037520678712893224,0.005628101806933983,P
533,0.9999140931876943,0.009362491509248073,0.0037449966036992295,0.0037449966036992295,0.007489993207398459,P
534,0.9998986965031975,0.009344847630871005,0.003737939052348402,0.003737939052348402,0.009344847630871005,N
535,0.9999321326614264,0.009327725118110322,0.0037310900472441286,0.005596635070866193,0.0018655450236220643,P
536,0.9999271845921632,0.009310308981305058,0.0037241235925220234,0.005586185388783035,0.0037241235925220234,P
537,0.9999188197425595,0.009292925834038656,0.0037171703336154626,0.005575755500423194,0.005575755500423194,P
538,0.9999070764707014,0.009275575848522276,0.003710230339408911,0.005565345509113366,0.007420460678817822,N
539,0.999891992809492,0.009258259192680482,0.003703303677072193,0.005554955515608289,0.009258259192680482,N
540,0.9999214254112423,0.009241417979771186,0.0036965671919084744,0.007393134383816949,0.0018482835959542372,P
541,0.9999166101514629,0.009224322971876964,0.0036897291887507855,0.007379458377501571,0.0036897291887507855,P
542,0.9999084402799808,0.009207260039410504,0.003682904015764202,0.007365808031528404,0.005524356023646303,N
543,0.9998969531057879,0.009190229348398787,0.0036760917393595144,0.007352183478719029,0.007352183478719029,N
544,0.9998821856245542,0.009173231060775727,0.0036692924243102907,0.007338584848620581,0.009173231060775727,N
545,0.9999077667906499,0.009156664531049907,0.0036626658124199627,0.009156664531049907,0.0018313329062099814,P
546,0.9999030918703501,0.009139882009783822,0.0036559528039135287,0.009139882009783822,0.0036559528039135287,N
547,0.9998951227934407,0.009123130682421904,0.0036492522729687617,0.009123130682421904,0.005473878409453142,N
548,0.9998838958575106,0.009106410709084797,0.0036425642836339185,0.009106410709084797,0.007285128567267837,N
549,0.9998694470581603,0.009089722245983275,0.00363588889839331,0.009089722245983275,0.009089722245983275,N
550,0.9999407169298753,0.00907387220444533,0.005444323322667198,0.001814774440889066,0.001814774440889066,P
551,0.999936009608338,0.009057391391379873,0.005434434834827924,0.0018114782782759746,0.003622956556551949,P
552,0.9999280674334184,0.009040940935202697,0.0054245645611216186,0.0018081881870405396,0.0054245645611216186,P
553,0.9999169257306455,0.009024520990348785,0.0054147125942092715,0.0018049041980697572,0.007219616792279029,P
554,0.9999026195342905,0.009008131707516132,0.005404879024509679,0.001801626341503226,0.009008131707516132,P
555,0.9999369269346429,0.008992238551570528,0.005395343130942317,0.0035968954206282116,0.0017984477103141058,P
556,0.9999323193045516,0.008976053135588434,0.005385631881353061,0.003590421254235374,0.003590421254235374,P
557,0.9999245341790853,0.008959897259669223,0.005375938355801534,0.0035839589038676894,0.005375938355801534,P
558,0.9999136059437499,0.008943771072842128,0.005366262643705277,0.003577508429136851,0.007155016858273702,P
559,0.9998995687031229,0.008927674720563598,0.0053566048323381585,0.003571069888225439,0.008927674720563598,P
560,0.9999301041447389,0.008912033013767726,0.005347219808260636,0.005347219808260636,0.0017824066027535453,P
561,0.9999256044832558,0.008896135271203344,0.005337681162722006,0.005337681162722006,0.0035584541084813376,P
562,0.9999179831422434,0.008880266280126496,0.005328159768075897,0.005328159768075897,0.005328159768075897,P
563,0.9999072736000446,0.00886442618439756,0.005318655710638535,0.005318655710638535,0.007091540947518047,P
564,0.9998935090639559,0.008848615124459787,0.005309169074675872,0.005309169074675872,0.008848615124459787,N
565,0.9999204105565553,0.008833219174527873,0.005299931504716724,0.0070665753396222985,0.0017666438349055746,P
566,0.9999160263675725,0.00881760164345302,0.005290560986071812,0.007054081314762416,0.003527040657381208,P
567,0.9999085748285998,0.008802012102364436,0.0052812072614186615,0.007041609681891548,0.0052812072614186615,P
568,0.9998980885422625,0.008786450690178053,0.005271870414106832,0.007029160552142443,0.007029160552142443,N
569,0.9998845998495955,0.008770917542540313,0.005262550525524187,0.007016734034032249,0.008770917542540313,N
570,0.9999079997299379,0.008755761819001208,0.005253457091400725,0.008755761819001208,0.0017511523638002416,P
571,0.9999037377998801,0.00874041728846049,0.005244250373076294,0.00874041728846049,0.0034961669153841957,P
572,0.9998964614163739,0.008725100012359283,0.00523506000741557,0.008725100012359283,0.00523506000741557,N
573,0.9998862023364287,0.008709810124881782,0.00522588607492907,0.008709810124881782,0.0069678480999054255,N
574,0.9998729920645157,0.008694547757082746,0.005216728654249648,0.008694547757082746,0.008694547757082746,N
575,0.9999352035399284,0.0086799930862841,0.006943994469027281,0.0017359986172568202,0.0017359986172568202,P
576,0.9999309233593848,0.008664912680757234,0.006931930144605788,0.001732982536151447,0.003465965072302894,P
577,0.9999236806287605,0.008649858828968517,0.006919887063174813,0.0017299717657937033,0.00518991529738111,P
578,0.9999135062907643,0.008634831660542006,0.006907865328433604,0.001726966332108401,0.006907865328433604,P
579,0.9999004310441647,0.008619831302104869,0.006895865041683895,0.0017239662604209738,0.008619831302104869,P
580,0.9999318711297197,0.008605265672372802,0.006884212537898242,0.003442106268949121,0.0017210531344745606,P
581,0.9999276775717612,0.008590443965393137,0.006872355172314509,0.0034361775861572546,0.0034361775861572546,P
582,0.9999205717654909,0.008575648128348979,0.0068605185026791825,0.0034302592513395912,0.005145388877009387,P
583,0.9999105838651928,0.008560878286517063,0.00684870262921365,0.003424351314606825,0.00684870262921365,P
584,0.9998977437894939,0.008546134562303367,0.006836907649842694,0.003418453824921347,0.008546134562303367,P
585,0.9999257499796972,0.008531789675594686,0.006825431740475749,0.005119073805356812,0.0017063579351189373,P
586,0.9999216504477055,0.008517220191207032,0.006813776152965625,0.005110332114724219,0.0034068880764828125,P
587,0.9999146876735873,0.008502675915591729,0.006802140732473383,0.0051016055493550375,0.0051016055493550375,P
588,0.9999048910496003,0.008488156969860784,0.006790525575888627,0.00509289418191647,0.006790525575888627,P
589,0.9998922897402853,0.0084736634723753,0.00677893077790024,0.00508419808342518,0.0084736634723753,P
590,0.9999169826334826,0.008459534540046384,0.0067676276320371076,0.0067676276320371076,0.0016919069080092769,P
591,0.999912983875462,0.008445211012461673,0.006756168809969338,0.006756168809969338,0.003378084404984669,P
592,0.9999061696308836,0.008430912054223303,0.006744729643378642,0.006744729643378642,0.005058547232533982,P
593,0.9998965685552891,0.008416637782451929,0.006733310225961542,0.006733310225961542,0.006733310225961542,P
594,0.9998842090841152,0.008402388311631221,0.006721910649304976,0.006721910649304976,0.008402388311631221,N
595,0.9999057045242139,0.008388470675538707,0.0067107765404309655,0.008388470675538707,0.0016776941351077414,P
596,0.9999018126779909,0.008374387040854196,0.006699509632683356,0.008374387040854196,0.003349754816341678,P
597,0.9998951518931639,0.008360327356966252,0.006688261885573002,0.008360327356966252,0.005016196414179752,P
598,0.9998857501128321,0.008346291737168882,0.006677033389735106,0.008346291737168882,0.006677033389735106,N
599,0.9998736350672917,0.00833228029222743,0.006665824233781944,0.00833228029222743,0.00833228029222743,N
600,0.9999280256891993,0.008318868766133105,0.008318868766133105,0.0016637737532266212,0.0016637737532266212,P
601,0.9999241264714062,0.008305017661722642,0.008305017661722642,0.0016610035323445284,0.0033220070646890567,P
602,0.9999175040009157,0.008291189917088854,0.008291189917088854,0.0016582379834177705,0.004974713950253312,P
603,0.9999081855335465,0.008277385641833996,0.008277385641833996,0.001655477128366799,0.006621908513467196,P
604,0.9998961981192673,0.008263604943134441,0.008263604943134441,0.0016527209886268881,0.008263604943134441,P
605,0.9999251246843126,0.008250207299375516,0.008250207299375516,0.0033000829197502063,0.0016500414598751032,P
606,0.9999213009761532,0.008236584027810159,0.008236584027810159,0.003294633611124063,0.003294633611124063,P
607,0.9999147983729,0.008222983539250822,0.008222983539250822,0.003289193415700329,0.004933790123550493,P
608,0.9999056434641845,0.00820940593977163,0.00820940593977163,0.003283762375908652,0.006567524751817304,P
609,0.9998938626404925,0.008195851333118792,0.008195851333118792,0.0032783405332475167,0.008195851333118792,P
610,0.999919649887648,0.008182648526085499,0.008182648526085499,0.0049095891156513,0.0016365297052170998,P
611,0.9999159083399421,0.00816924761715639,0.00816924761715639,0.004901548570293834,0.003267699046862556,P
612,0.9999095311583481,0.008155868932776086,0.008155868932776086,0.004893521359665652,0.004893521359665652,P
613,0.999900544287714,0.008142512575632851,0.008142512575632851,0.004885507545379711,0.00651401006050628,P
614,0.9998889734801806,0.00812917864618033,0.00812917864618033,0.004877507187708198,0.00812917864618033,P
615,0.999911727408797,0.008116166618577898,0.008116166618577898,0.006492933294862318,0.0016232333237155795,P
616,0.9999080741130821,0.008102982772391265,0.008102982772391265,0.006482386217913012,0.003241193108956506,P
617,0.999901827384818,0.008089820609909532,0.008089820609909532,0.006471856487927625,0.0048538923659457184,P
618,0.9998930125446253,0.008076680230570479,0.008076680230570479,0.006461344184456383,0.006461344184456383,P
619,0.9998816547266014,0.00806356173166614,0.00806356173166614,0.006450849385332912,0.00806356173166614,P
620,0.9999014773213959,0.008050736532378389,0.008050736532378389,0.008050736532378389,0.0016101473064756779,P
621,0.9998979178468602,0.008037764612916882,0.008037764612916882,0.008037764612916882,0.0032151058451667528,P
622,0.9998918061162442,0.008024813853260386,0.008024813853260386,0.008024813853260386,0.0048148883119562315,P
623,0.9998831668456903,0.008011884349725083,0.008011884349725083,0.008011884349725083,0.006409507479780066,P
624,0.9998720245707583,0.007998976196566067,0.007998976196566067,0.007998976196566067,0.007998976196566067,N
